Pesi: 0.0922, 0.1996, 0.2374, 0.4319, 0.3500, 0.5619  || MAP: 0.11206984433374802
Pesi: 0.1529, 0.3326, 0.7276, 0.7338, 0.9698, 0.9185  || MAP: 0.11116681361974962
Pesi: 0.0922, 0.1996, 0.2374, 0.4319, 0.3500, 0.5619  || MAP: 0.10773867635475488
Pesi: 0.1529, 0.3326, 0.7276, 0.7338, 0.9698, 0.9185  || MAP: 0.10670944655766565
Pesi: 0.2047, 0.6513, 0.5421, 0.9537, 0.6482, 0.8891  || MAP: 0.10664103776969575
Pesi: 0.2096, 0.5412, 0.7669, 0.3462, 0.4903, 0.6682  || MAP: 0.1031895372674217
Pesi: 0.1914, 0.5750, 0.7321, 0.9097, 0.6648, 0.4438  || MAP: 0.10447005330235577
Pesi: 0.0654, 0.1066, 0.7436, 0.9398, 0.2076, 0.3551  || MAP: 0.10033189992080167
Pesi: 0.0805, 0.8561, 0.8330, 0.8443, 0.5629, 0.4078  || MAP: 0.10321082619872136
Pesi: 0.2325, 0.9288, 0.2125, 0.3178, 0.2875, 0.9564  || MAP: 0.10755544256930147
Pesi: 0.3000, 1.0000, 0.1000, 1.0000, 1.0000, 1.0000  || MAP: 0.10480293367587758
Pesi: 0.0374, 0.2722, 0.9889, 0.3047, 0.8635, 0.9812  || MAP: 0.1020602366316159
Pesi: 0.2896, 0.2219, 0.1334, 0.3130, 0.9925, 0.3646  || MAP: 0.1036164410352091
Pesi: 0.0000, 1.0000, 0.1000, 0.3000, 0.2000, 1.0000  || MAP: 0.10663470447962592
Pesi: 0.0028, 0.9777, 0.1199, 0.3073, 0.2569, 0.4320  || MAP: 0.10479678584344755
Pesi: 0.2716, 0.8985, 0.9703, 0.9664, 0.2172, 0.9552  || MAP: 0.10446804332691183
Pesi: 0.0321, 0.2020, 0.1324, 0.9747, 0.9283, 0.9750  || MAP: 0.10577377007191151
Pesi: 0.3000, 1.0000, 0.1000, 0.3000, 0.2000, 1.0000  || MAP: 0.1064803955346754
Pesi: 0.0724, 0.9912, 0.1467, 0.3021, 0.9283, 0.3252  || MAP: 0.10300129135679638
Pesi: 0.2445, 0.1218, 0.1370, 0.9736, 0.2589, 0.3020  || MAP: 0.10394200742508782
Pesi: 0.3000, 0.1000, 0.1000, 0.3000, 0.2000, 1.0000  || MAP: 0.10738908642455705
Pesi: 0.3000, 0.1000, 0.1000, 0.3000, 0.2000, 1.0000  || MAP: 0.10738908642455705
Pesi: 0.2857, 0.1438, 0.9992, 0.3351, 0.2095, 0.9596  || MAP: 0.096902262305093
Pesi: 0.0000, 1.0000, 0.1000, 1.0000, 1.0000, 1.0000  || MAP: 0.10495153103935931
Pesi: 0.0087, 0.1272, 0.1183, 0.7267, 0.9682, 0.9998  || MAP: 0.10592603100253072
Pesi: 0.2972, 0.9081, 0.1110, 0.9969, 0.2848, 0.4477  || MAP: 0.10356734310823196
Pesi: 0.0922, 0.1996, 0.2374, 0.4319, 0.3500, 0.5619  || MAP: 0.10773867635475488
Pesi: 0.3000, 0.1000, 0.1000, 0.3000, 0.2000, 1.0000  || MAP: 0.10738908642455705
Pesi: 0.1529, 0.3326, 0.7276, 0.7338, 0.9698, 0.9185  || MAP: 0.10671114602403321
Pesi: 0.4367, 0.2203, 0.3168, 0.4303, 0.6437, 0.8410  || MAP: 0.10698266782590021
Pesi: 0.6267, 0.6973, 0.2940, 0.5394, 0.2765, 0.4220  || MAP: 0.1050765617305912
Pesi: 0.8800, 0.2562, 0.6810, 0.6099, 0.6951, 0.8230  || MAP: 0.10632356921502595
Pesi: 0.9007, 0.7615, 0.6982, 0.4323, 0.7529, 0.0160  || MAP: 0.10231282465363295
Pesi: 0.9747, 0.9365, 0.3182, 0.7624, 0.8658, 0.3787  || MAP: 0.10348683758481218
Pesi: 0.7984, 0.2304, 0.9937, 0.9086, 0.3014, 0.3823  || MAP: 0.10117350686464886
Pesi: 0.8755, 0.3779, 0.9456, 0.8750, 0.4383, 0.8496  || MAP: 0.10524691804407559
Pesi: 0.0671, 0.0422, 0.0024, 0.9204, 0.9585, 0.0006  || MAP: 0.09968124542907111
Pesi: 0.0000, 1.0000, 1.0000, 0.0000, 1.0000, 1.0000  || MAP: 0.10182110470940216
Pesi: 1.0000, 0.0000, 0.0000, 0.0000, 0.0000, 1.0000  || MAP: 0.1027028401743983
Pesi: 0.0000, 1.0000, 0.0000, 1.0000, 0.0000, 1.0000  || MAP: 0.10449169253182519
Pesi: 0.0000, 0.0000, 1.0000, 0.0000, 0.0000, 1.0000  || MAP: 0.07604764933742773
Pesi: 0.0000, 1.0000, 0.0000, 0.0000, 1.0000, 1.0000  || MAP: 0.10311405751757181
Pesi: 1.0000, 1.0000, 0.0000, 1.0000, 1.0000, 1.0000  || MAP: 0.1034084523158894
Pesi: 1.0000, 0.3646, 0.0000, 1.0000, 0.0000, 1.0000  || MAP: 0.10389241197387201
Pesi: 0.0000, 0.5695, 1.0000, 0.0000, 0.0000, 1.0000  || MAP: 0.08337607009539585
Pesi: 1.0000, 1.0000, 0.0000, 1.0000, 0.4429, 1.0000  || MAP: 0.10358892199572653
Pesi: 0.0000, 1.0000, 1.0000, 1.0000, 0.6565, 0.0000  || MAP: 0.09905639477465586
Pesi: 0.8099, 0.0530, 0.0027, 0.7085, 0.3029, 0.0942  || MAP: 0.1007768210507904
Pesi: 0.0749, 0.1776, 0.9798, 0.9509, 0.9313, 0.9884  || MAP: 0.10545317622685199
Pesi: 0.0000, 0.0000, 0.5241, 1.0000, 0.0000, 1.0000  || MAP: 0.10617994903681861
Pesi: 0.9556, 0.1232, 0.5485, 0.9995, 0.9960, 0.8704  || MAP: 0.10575738423917189
Pesi: 0.9621, 0.3810, 0.4212, 0.0063, 0.9589, 0.0688  || MAP: 0.10208139466675314
Pesi: 0.9589, 0.7552, 0.0303, 0.2033, 0.9982, 0.9707  || MAP: 0.10353877063724425
Pesi: 0.8896, 0.8710, 0.5280, 0.9791, 0.3352, 0.9910  || MAP: 0.10611114256665308
Pesi: 0.7613, 0.0012, 0.9461, 0.9615, 0.9894, 0.6952  || MAP: 0.10548359021994214
Pesi: 0.0000, 0.0000, 0.4909, 1.0000, 0.6034, 1.0000  || MAP: 0.1071602639078585
Pesi: 0.9915, 0.9096, 0.9369, 0.9367, 0.9995, 0.9394  || MAP: 0.10577101574497111
Pesi: 0.9102, 0.8001, 0.0047, 0.0013, 0.5600, 0.0147  || MAP: 0.09815795548531095
Pesi: 0.2423, 0.7874, 0.0003, 0.5116, 0.0149, 0.9799  || MAP: 0.10518181484985685
Pesi: 0.0320, 0.4613, 0.4090, 0.0224, 0.9678, 0.9800  || MAP: 0.10658690374453658
Pesi: 0.0000, 0.0000, 0.5091, 0.5505, 1.0000, 1.0000  || MAP: 0.10739838101550389
Pesi: 0.0922, 0.1996, 0.2374, 0.4319, 0.3500, 0.5619  || MAP: 0.10613816269793178
Pesi: 0.3000, 0.1000, 0.1000, 0.3000, 0.2000, 1.0000  || MAP: 0.10648286116255962
Pesi: 0.1529, 0.3326, 0.7276, 0.7338, 0.9698, 0.9185  || MAP: 0.10436715111452186
Pesi: 0.5097, 0.2584, 0.6973, 0.6197, 0.9623, 0.8836  || MAP: 0.10453916935448192
Pesi: 0.6824, 0.6125, 0.4912, 0.9339, 0.5602, 0.8416  || MAP: 0.10441745265630521
Pesi: 0.6988, 0.4902, 0.7410, 0.0660, 0.3629, 0.5260  || MAP: 0.09900102268407135
Pesi: 0.6379, 0.5278, 0.7023, 0.8710, 0.5810, 0.2054  || MAP: 0.10112212706682915
Weights: 0.0922, 0.1996, 0.2374, 0.4319, 0.3500, 0.5619  || MAP: 0.08128292340362447
Weights: 0.3000, 0.1000, 0.1000, 0.3000, 0.2000, 1.0000  || MAP: 0.0813795656513254
Weights: 0.1529, 0.3326, 0.7276, 0.7338, 0.9698, 0.9185  || MAP: 0.08059118684960931
Weights: 0.5097, 0.2584, 0.6973, 0.6197, 0.9623, 0.8836  || MAP: 0.08045091118528708
Weights: 0.6824, 0.6125, 0.4912, 0.9339, 0.5602, 0.8416  || MAP: 0.0798526644597007
Weights: 0.6988, 0.4902, 0.7410, 0.0660, 0.3629, 0.5260  || MAP: 0.07653215832717558
Weights: 0.6379, 0.5278, 0.7023, 0.8710, 0.5810, 0.2054  || MAP: 0.07760694288087996
Weights: 0.2181, 0.0073, 0.7151, 0.9140, 0.0095, 0.0787  || MAP: 0.07147569240150108
